Type,BU,NV,FU,Urinalysis
Yes,25,45,20,10
Yes,10,60,15,15
Yes,40,40,10,10
Yes,15,50,15,20
Yes,20,45,25,10
Yes,30,50,10,10
Yes,5,70,10,15
Yes,12,65,13,10
Yes,22,42,22,14
Yes,25,49,10,16
No,50,30,10,10
No,40,20,30,10
No,45,20,20,15
No,45,35,5,15
No,25,50,10,15
No,36,14,30,20
No,44,36,15,15
No,25,25,25,25
No,30,30,20,20
No,35,25,20,20
